116.231
15.343
5.743
2.837
116.230
1.247
1.248
1.444
0.621
0.583
2.139
1.301
1.271
1.276
1.274
1.926
1.834
1.108
1.082
1.632
1.499
1.533
1.508
1.589
1.577
1.617
1.692
1.787
1.736
2.053
1.967
2.043
1.323
3.575
5.168
7.245
10.611
3.196
3.373
6.086
6.672
1.916
1.920
1.302
2.018
2.170
2.175
2.113
2.364
2.347
0.676
0.621
0.738
0.702
0.748
0.681
0.632
0.640
0.642
0.641
0.433
0.434
0.433
0.425
0.426
0.500
0.461
0.455
0.450
0.461
0.472
0.479
0.474
0.560
0.500
0.508
0.528
0.529
0.528
0.539
1.265
1.202
1.258
1.190
1.140
1.117
1.204
1.210
1.274
1.041
1.276
