116.643
30.659
0.556
0.288
0.177
0.188
0.178
0.179
0.176
0.081
0.064
0.122
0.088
0.088
0.090
0.096
0.098
0.093
0.095
0.058
0.064
0.066
0.071
0.069
0.070
0.057
0.057
0.056
0.058
0.105
0.102
0.118
0.509
0.520
0.532
0.658
0.745
0.824
0.841
0.196
0.230
0.209
0.222
0.230
0.232
0.283
0.309
0.332
0.391
0.434
0.463
0.481
0.536
0.554
0.571
0.695
0.824
0.699
0.672
0.713
0.720
0.826
0.800
0.859
0.814
1.005
1.096
1.207
1.181
1.248
1.327
1.176
1.185
1.377
1.446
1.586
1.853
1.699
1.817
1.465
1.477
1.714
1.163
1.206
1.252
1.226
1.261
1.475
117.237
2.389
2.391
