708 1e+09 0.019 
113 1e+09 0.005 
1440 1e+09 0.06 
1 1e+09 0 
262 1e+09 0.006 
1 1e+09 0 
367 1e+09 0.009 
3126 59030 0.127 
443 21946 0.019 
183 1e+09 0.004 
18 1e+09 0 
949 1e+09 0.033 
2 1e+09 0 
124 19590 0.003 
32 1e+09 0.001 
81 20312 0.002 
1 1e+09 0 
2383 22844 0.066 
1 1e+09 0 
199 15221 0.005 
9 1e+09 0 
365 29127 0.022 
218 1e+09 0.005 
559 1e+09 0.012 
520 24932 0.014 
566 1e+09 0.015 
110 16709 0.003 
125 24176 0.003 
1034 25426 0.038 
26 1e+09 0.001 
135 1e+09 0.003 
283 1e+09 0.006 
48 15164 0.001 
94 1e+09 0.002 
466 1e+09 0.012 
6 1e+09 0 
144 1e+09 0.003 
1 1e+09 0 
1 1e+09 0 
1787 1e+09 0.045 
8194 86561 0.264 
72 21480 0.002 
329 1e+09 0.01 
1 1e+09 0 
66 1e+09 0.001 
2 1e+09 0 
761 1e+09 0.02 
200 1e+09 0.004 
2 1e+09 0 
5490 1e+09 0.151 
64 17421 0.002 
82 1e+09 0.004 
158 35092 0.004 
440 1e+09 0.01 
7 1e+09 0 
2 1e+09 0 
1 1e+09 0 
2271 1e+09 0.058 
1 1e+09 0 
1084 1e+09 0.026 
290 1e+09 0.007 
8 1e+09 0 
167 1e+09 0.004 
58340 119652 2.177 
1599 95562 0.076 
93762 160429 3.061 
216024 141945 7.383 
225740 142074 7.765 
63082 117632 2.363 
173523 145903 5.889 
