3001 48682 0.097 
4063 35387 0.132 
3549 66413 0.08 
1 1e+09 0 
39036 1e+09 0.851 
2367 30594 0.048 
1894 53564 0.04 
8331 59178 0.198 
862 25209 0.017 
6687 1e+09 0.151 
1068 28681 0.019 
1313 31573 0.023 
5675 65451 0.146 
1543 31060 0.045 
7479 51876 0.258 
585 26189 0.011 
1 1e+09 0 
12466 40003 0.288 
67236 1e+09 1.463 
226 19743 0.004 
21004 34513 0.46 
683 39868 0.015 
3133 43711 0.06 
9530 53801 0.181 
3981 27769 0.13 
891 34095 0.016 
593 21834 0.011 
1110 32643 0.02 
767 23070 0.023 
906 1e+09 0.015 
1712 1e+09 0.03 
5021 102019 0.086 
436 19641 0.007 
11646 78947 0.264 
1 1e+09 0 
2682 39724 0.069 
5590 84163 0.112 
5034 1e+09 0.109 
1 1e+09 0 
5 1e+09 0 
3039 26623 0.097 
1040 46928 0.022 
1063 31740 0.031 
3908 31935 0.083 
12212 55668 0.421 
2 1e+09 0 
1392 53962 0.043 
8604 40969 0.172 
2323 39226 0.047 
4065 1e+09 0.086 
358 1e+09 0.007 
4152 38101 0.088 
694 24176 0.013 
5285 67578 0.127 
1019 47716 0.03 
20826 40838 0.428 
2153 48517 0.043 
9 1e+09 0 
1818 50895 0.033 
1257 28875 0.038 
870 49611 0.015 
2074 23860 0.043 
2542 38584 0.052 
4083 28695 0.09 
1088 49737 0.02 
1405 31952 0.03 
208049 121261 4.406 
26688 111316 0.577 
622033 171480 15.051 
1.43418e+06 165395 37.672 
1.51197e+06 151107 41.092 
428703 120759 10.176 
1.24271e+06 156404 31.315 
