2034 41381 0.032 
16131 30105 0.255 
4805 56337 0.072 
8416 43988 0.116 
102405 42011 4.596 
2663 24141 0.033 
3448 43902 0.06 
6427 44787 0.165 
1091 22570 0.013 
129874 34213 4.736 
2133 21494 0.033 
8104 33776 0.144 
5287 57966 0.086 
711 19590 0.013 
31874 39872 0.559 
314 25787 0.004 
54130 36594 0.95 
1448 28126 0.033 
10669 39792 0.172 
130 16298 0.002 
21272 29616 0.315 
5659 37225 0.089 
17552 35985 0.246 
9469 39879 0.113 
6814 28587 0.091 
3339 30168 0.042 
537 18959 0.009 
628 25812 0.007 
698 18640 0.007 
4735 21878 0.098 
10508 37732 0.232 
14978 86277 0.326 
94 15164 0.001 
16594 63205 0.237 
1466 35940 0.016 
6842 52767 0.093 
31401 52399 0.431 
4091 49400 0.06 
10805 32072 0.236 
3793 24708 0.053 
788 36473 0.01 
1164 22527 0.015 
6418 23710 0.083 
6600 34517 0.093 
1081 45654 0.015 
5833 37571 0.077 
6283 38705 0.095 
324825 59668 70.794 
2941 29202 0.038 
4650 32537 0.061 
200 17555 0.004 
2042 47593 0.03 
1013 34577 0.014 
14748 46896 0.194 
1255 35256 0.017 
366 24633 0.004 
2151 43810 0.029 
807 25158 0.014 
311 43118 0.005 
1269 22449 0.014 
6916 35139 0.085 
561 33083 0.006 
3997 28822 0.057 
505521 1e+09 116.875 
412495 1e+09 117.229 
338941 1e+09 116.811 
433517 1e+09 116.768 
394072 1e+09 116.452 
616312 1e+09 116.264 
440217 1e+09 116.503 
