24513 45194 0.456 
59012 35708 7.425 
26231 64746 0.504 
41019 54440 0.494 
79000 42201 12.455 
57861 28078 7.488 
20299 51836 2.093 
28122 58645 0.378 
7231 25438 0.086 
167908 1e+09 119.884 
16662 28754 1.291 
12536 31580 0.14 
36609 64166 0.792 
5122 28677 0.055 
78289 45443 0.983 
4920 26195 0.053 
12787 35222 0.141 
15292 32589 0.189 
25422 38873 0.463 
852 19727 0.009 
155446 30971 50.419 
4630 42454 0.05 
127843 42210 35.465 
44897 39919 4.13 
155949 27708 28.003 
11797 34147 1.065 
3878 21913 0.051 
4123 31764 0.054 
3217 21688 0.041 
32369 24808 2.544 
70520 41618 13.071 
108931 95536 22.821 
3121 19605 0.053 
56827 71891 0.972 
15105 24116 0.281 
75148 43039 27.06 
20305 53989 1.618 
94247 53225 19.646 
28379 55332 0.367 
203781 1e+09 119.839 
20990 24849 0.24 
6546 41454 0.074 
4195 28449 0.05 
48633 28410 1.915 
53262 34565 2.143 
2728 20909 0.03 
17124 60330 0.214 
105642 37922 31.372 
21729 34773 1.915 
186593 1e+09 119.903 
13338 25857 0.177 
210105 37966 36.958 
2007 23966 0.022 
22356 49716 0.302 
13548 50217 0.168 
94023 50533 8.563 
8229 48990 0.109 
3653 32820 0.071 
19071 50462 0.255 
5275 28770 0.069 
6562 55225 0.078 
47500 22631 10.57 
42428 34013 2.385 
20543 26529 1.384 
6727 41569 0.102 
16833 31621 3.015 
8916 89404 0.143 
10201 101998 0.163 
217330 136813 2.14 
25317 88718 0.3 
7477 77590 0.128 
152075 87557 29.039 
6961 72497 0.119 
