8749 75012 0.213 
1474 33970 0.032 
9898 58235 0.28 
13942 63021 0.391 
6881 53740 0.138 
1235 26556 0.027 
2831 47426 0.059 
14830 49844 0.454 
359 20006 0.014 
1640 39535 0.033 
9422 30420 0.245 
6206 32264 0.137 
15143 56521 0.434 
276 19590 0.005 
35807 57161 0.973 
139 22064 0.003 
2934 46225 0.067 
15334 19379 0.399 
6258 46296 0.13 
540 15935 0.011 
4392 39599 0.088 
3626 29127 0.154 
3533 44759 0.071 
14874 43404 0.337 
458 25058 0.01 
1112 32360 0.027 
236 18119 0.005 
296 21861 0.007 
295 17340 0.006 
2328 24534 0.043 
2415 35800 0.049 
6530 126528 0.127 
72 15164 0.002 
7240 71614 0.158 
2638 31692 0.059 
3079 59765 0.108 
3007 72982 0.057 
22028 73284 0.563 
4367 35360 0.093 
6125 21436 0.151 
2170 29188 0.083 
3945 38836 0.091 
2383 23996 0.049 
6567 35626 0.15 
655 45833 0.013 
2340 42763 0.045 
6906 37726 0.164 
26729 80883 0.589 
1372 23946 0.028 
33412 34418 0.881 
129 17421 0.003 
4812 59799 0.187 
285 35396 0.007 
3966 59907 0.076 
632 35434 0.015 
277 25367 0.006 
462 44986 0.01 
2053 18725 0.046 
257 42839 0.006 
2050 19953 0.045 
4736 43300 0.1 
459 34902 0.012 
3128 32696 0.075 
183052 119131 5.325 
290380 157430 8.386 
336803 160204 9.649 
1.65578e+06 1e+09 116.753 
1.41662e+06 1e+09 116.435 
212672 116741 6.082 
980192 1e+09 116.387 
