6759 45108 0.118 
9883 35698 0.179 
9873 63008 0.234 
22781 62665 0.42 
26034 47301 0.459 
5111 27797 0.085 
3881 56719 0.062 
9500 54825 0.209 
1906 23654 0.036 
33697 37654 0.865 
3985 28578 0.069 
3213 31444 0.051 
7876 60380 0.209 
2506 26096 0.042 
11717 46333 0.236 
1675 26124 0.028 
23078 35500 0.426 
6458 32912 0.135 
5734 39465 0.094 
876 21535 0.014 
16561 31436 0.339 
2021 41355 0.032 
9474 42563 0.178 
13286 45262 0.232 
15335 26955 0.275 
1834 34022 0.033 
1871 21874 0.033 
1575 31732 0.029 
1490 20532 0.022 
1697 22056 0.028 
8368 49304 0.143 
13944 100909 0.238 
1187 19473 0.027 
17195 75764 0.347 
1873 27174 0.042 
8759 43433 0.231 
5001 53604 0.105 
19333 59749 0.327 
16493 60444 0.291 
12828 37706 0.222 
6447 22923 0.113 
2346 41523 0.037 
1782 28293 0.027 
6171 27446 0.105 
7539 34883 0.131 
1493 22845 0.029 
2935 60177 0.046 
27536 36461 0.61 
3415 34320 0.092 
32424 71160 1.536 
1503 33019 0.026 
16826 37182 0.356 
882 24030 0.023 
11452 59805 0.225 
2735 49858 0.046 
28073 54829 0.514 
3105 49533 0.052 
1532 33469 0.024 
4268 49603 0.116 
3274 28733 0.056 
2063 50226 0.035 
4965 22199 0.091 
5036 33973 0.087 
3553 26505 0.089 
2303 41203 0.037 
2974 31109 0.054 
994539 121509 22.449 
92146 111675 1.685 
1.25058e+06 1e+09 116.754 
1.25536e+06 1e+09 116.817 
20364 74497 0.405 
1.22193e+06 127148 28.68 
905040 1e+09 116.405 
