3549 53235 0.162 
2614 34331 0.076 
5290 56488 0.216 
4095 50397 0.176 
4236 56609 0.124 
873 24920 0.023 
2062 56308 0.063 
2758 58638 0.122 
782 22624 0.043 
3009 40967 0.089 
1879 26579 0.064 
1201 31142 0.032 
2815 60893 0.142 
144 19590 0.004 
5243 43170 0.249 
97 20312 0.003 
3520 41846 0.105 
845 21802 0.044 
4684 46163 0.148 
345 15589 0.009 
2497 29960 0.063 
282 29097 0.02 
1749 42662 0.038 
2802 44134 0.075 
373 21234 0.012 
447 33629 0.014 
84 16904 0.003 
134 23600 0.004 
800 20309 0.022 
1894 24228 0.05 
1807 33930 0.054 
15785 105758 0.846 
53 15164 0.002 
6772 73985 0.271 
4121 59348 0.125 
763 61105 0.041 
3407 72302 0.089 
5673 52128 0.175 
1559 34697 0.045 
2640 28335 0.117 
2647 51681 0.13 
432 21648 0.011 
1109 24589 0.029 
3175 41314 0.097 
2790 48424 0.093 
3468 41904 0.095 
1685 41620 0.049 
8892 69156 0.377 
475 25998 0.014 
3181 32550 0.096 
69 17421 0.002 
3338 59783 0.17 
884 35945 0.031 
4853 61218 0.131 
233 35411 0.007 
151 23619 0.005 
944 45151 0.024 
1288 23209 0.036 
170 42118 0.005 
1286 21131 0.034 
2542 37274 0.069 
329 37032 0.008 
455 29439 0.013 
17174 119240 0.695 
1423 95056 0.075 
22575 160165 0.861 
163153 142516 9.215 
6167 84002 0.234 
18124 115951 0.665 
80486 147064 3.218 
