1830 47845 0.04 
3256 33564 0.113 
1485 70608 0.034 
9982 62972 0.202 
8616 54580 0.192 
543 29118 0.011 
780 57090 0.017 
2134 57713 0.056 
405 30913 0.01 
3498 44682 0.118 
1124 31876 0.028 
443 29887 0.01 
1271 67383 0.03 
956 35583 0.031 
1611 45229 0.066 
394 30092 0.009 
2537 55181 0.09 
8659 30089 0.331 
8459 47291 0.187 
177 21477 0.004 
7506 36706 0.168 
380 38010 0.008 
1405 49116 0.029 
6612 51283 0.147 
1539 29148 0.039 
395 35640 0.009 
243 20270 0.006 
821 40155 0.02 
255 23309 0.006 
1384 27698 0.028 
10236 47038 0.276 
9543 110077 0.217 
302 17973 0.006 
2583 85670 0.057 
5633 32569 0.106 
642 42773 0.013 
3836 72077 0.083 
13816 68988 0.334 
5591 60667 0.131 
2660 40955 0.066 
588 23625 0.013 
863 53799 0.017 
287 30493 0.006 
1621 31822 0.036 
3276 41677 0.072 
218 21923 0.007 
673 58339 0.023 
6343 81046 0.132 
567 37758 0.014 
9479 80218 0.195 
1225 44538 0.026 
4399 37251 0.129 
267 22947 0.006 
1887 72932 0.046 
526 49676 0.012 
4272 37854 0.103 
807 49246 0.021 
755 33930 0.015 
862 58301 0.02 
7365 30785 0.166 
1427 60038 0.033 
895 28692 0.019 
767 37660 0.017 
4521 35835 0.091 
605 54941 0.013 
1200 33754 0.026 
2437 86600 0.094 
5497 104068 0.179 
89903 177213 7.965 
5276 85769 0.154 
2335 78711 0.073 
32842 107921 0.705 
8507 77012 0.229 
